green=[0.4660, 0.6740, 0.1880];
orange=[0.8500, 0.3250, 0.0980];
blue=[0, 0.4470, 0.7410];
yellow=[0.9290, 0.6940, 0.1250];
red=[0.6350, 0.0780, 0.1840];
purple=[0.4940, 0.1840, 0.5560];
turquoise=[0.3010 0.7450 0.9330];
gray=0.5*[1 1 1];
colorSchemeYlGnBu{1}=[8,29,88];
colorSchemeYlGnBu{2}=[37,52,148];
colorSchemeYlGnBu{3}=[34,94,168];
colorSchemeYlGnBu{4}=[29,145,192];
colorSchemeYlGnBu{5}=[65,182,196];
colorSchemeYlGnBu{6}=[127,205,187];
colorSchemeYlGnBu{7}=[199,233,180];
colorSchemeYlGnBu{8}=[237,248,177];
colorSchemeYlGnBu{9}=[255,255,217];

colorSchemeYlOrRd{1}=[255,255,20];
colorSchemeYlOrRd{2}=[255,237,160];
colorSchemeYlOrRd{3}=[254,217,118];
colorSchemeYlOrRd{4}=[254,178,76];
colorSchemeYlOrRd{5}=[253,141,60];
colorSchemeYlOrRd{6}=[252,78,42];
colorSchemeYlOrRd{7}=[227,26,28];
colorSchemeYlOrRd{8}=[189,0,38];
colorSchemeYlOrRd{9}=[128,0,38];

lineColors=lines(9);
lineColors([2 4 5:9],:)=lineColors(1:7,:);
lineColors(1,:)=0.66*[1 1 1];
lineColors(3,:)=0.15*[1 1 1];
